11   12   17   24   28  
3    5    8    21   28  
2    4    7    14   20  
1    14   15   19   26  
1    19   21   22   23  
1    11   14   21   24  
1    2    5    15   22  
5    8    25   26   27  
7    8    14   15   28  
2    9    18   27   28  
1    3    8    12   27  
5    7    14   19   21  
2    6    8    10   28  
2    5    9    17   20  
6    15   18   25   28  
2    9    17   19   25  
4    6    10   14   20  
8    13   16   24   25  
5    8    12   17   24  
2    6    13   14   26  
4    7    9    16   27  
7    8    16   17   19  
2    10   15   22   25  
2    9    20   25   28  
1    6    7    10   21  
8    14   16   21   22  
7    9    12   20   26  
7    9    10   16   19  
9    11   15   21   23  
1    4    20   27   28  
3    4    17   18   21  
1    8    12   13   18  
8    11   20   26   28  
2    7    8    13   28  
2    5    6    7    13  
1    8    18   20   25  
6    22   26   27   28  
3    9    12   13   25  
2    9    10   16   27  
7    11   13   15   26  
5    7    8    17   20  
3    5    15   21   26  
9    15   16   26   27  
10   12   15   24   27  
3    4    13   18   22  
5    14   15   16   18  
1    4    6    8    17  
3    6    9    17   21  
1    12   13   16   28  
2    8    14   21   22  
8    10   18   27   28  
3    5    15   17   19  
2    11   22   23   25  
6    11   18   21   24  
3    12   20   22   28  
3    5    14   18   26  
2    9    25   27   28  
3    11   15   18   28  
2    13   14   19   24  
1    3    4    15   19  
10   18   19   20   25  
1    6    7    9    28  
6    7    22   25   28  
7    11   26   27   28  
9    11   15   17   22  
3    7    8    12   22  
1    2    11   16   27  
9    11   20   26   28  
6    8    13   21   27  
4    9    16   21   26  
1    8    22   23   26  
2    4    12   25   27  
2    4    22   23   25  
3    11   22   24   26  
2    12   17   18   24  
9    10   15   18   20  
1    15   17   21   25  
3    15   16   19   20  
6    8    18   23   26  
2    7    15   17   18  
2    5    12   23   25  
1    14   16   17   19  
5    6    7    12   17  
5    8    21   24   27  
2    4    13   23   26  
2    8    11   15   20  
2    8    16   20   26  
8    9    16   21   24  
7    9    14   16   20  
1    2    8    13   17  
2    3    14   15   23  
13   17   18   21   26  
5    9    19   23   25  
1    16   21   24   28  
5    14   18   22   26  
8    10   12   14   27  
3    6    17   24   27  
1    24   25   26   28  
6    8    11   13   25  
5    8    15   22   24  
14   17   23   25   26  
16   18   21   24   27  
6    13   14   17   20  
8    10   13   16   18  
1    6    16   20   24  
2    5    9    11   23  
8    19   20   22   23  
3    7    21   25   26  
2    5    6    14   24  
1    7    12   21   25  
1    6    15   19   21  
7    9    18   20   27  
8    18   21   25   27  
7    10   14   18   24  
6    11   14   23   28  
3    11   12   15   26  
11   13   18   20   26  
2    4    5    8    12  
5    15   25   26   27  
13   16   24   26   28  
2    6    13   19   27  
6    16   21   22   26  
3    6    13   20   23  
7    10   11   22   27  
2    3    7    12   14  
1    2    3    20   24  
5    8    14   25   28  
1    9    13   19   25  
14   15   19   21   25  
1    5    10   14   17  
2    7    8    23   27  
9    10   16   21   22  
1    2    17   19   21  
1    3    6    7    13  
10   17   19   21   22  
6    8    16   18   20  
6    9    11   15   17  
1    7    9    17   28  
11   14   20   21   27  
8    10   14   15   24  
7    21   22   24   27  
5    7    11   19   21  
8    17   19   23   24  
4    22   23   27   28  
2    6    11   27   28  
6    7    15   16   25  
10   17   22   23   27  
2    4    7    10   24  
4    8    13   23   27  
2    10   17   21   27  
4    9    12   14   20  
3    11   16   19   21  
2    8    16   21   28  
1    9    11   14   16  
8    10   11   22   26  
5    18   19   24   28  
7    13   15   16   17  
2    6    12   18   21  
3    5    10   13   28  
7    13   19   21   26  
4    6    15   22   25  
6    9    14   20   21  
2    5    6    20   23  
5    16   17   20   28  
1    9    13   24   25  
1    7    8    16   17  
6    9    15   18   25  
5    8    19   22   28  
13   14   15   16   21  
6    11   22   27   28  
1    16   20   21   24  
12   21   23   26   27  
4    18   19   26   27  
2    6    12   13   28  
3    7    13   20   21  
7    20   26   27   28  
1    2    3    17   23  
11   12   20   21   24  
3    4    14   15   22  
4    5    15   24   26  
1    5    10   19   22  
5    14   20   24   27  
9    14   18   19   27  
2    14   19   20   25  
2    12   14   15   20  
15   18   19   22   28  
3    15   21   22   25  
11   15   16   21   23  
5    7    11   21   27  
1    12   15   21   25  
3    6    12   20   26  
2    4    15   22   28  
9    13   16   21   24  
15   18   19   26   28  
2    8    9    15   26  
9    16   17   18   27  
3    7    12   13   16  
2    4    18   20   21  
5    9    11   21   24  
5    7    11   13   20  
1    6    12   17   22  
3    6    12   13   26  
2    12   16   23   25  
10   17   19   22   26  
4    16   17   23   27  
7    12   17   19   20  
6    10   12   20   26  
3    6    17   25   27  
2    10   11   17   21  
1    2    8    15   16  
3    4    9    14   21  
2    10   11   17   26  
2    10   15   21   24  
2    3    10   16   22  
5    9    19   25   27  
8    13   14   16   23  
3    16   22   23   25  
3    4    6    13   18  
8    10   16   22   25  
7    13   25   26   27  
1    8    18   25   26  
7    15   17   20   24  
3    4    6    14   27  
1    5    10   16   18  
12   15   17   20   26  
3    7    11   13   15  
16   17   18   21   27  
7    14   17   19   21  
4    8    12   14   22  
4    9    13   18   24  
1    6    12   14   25  
9    10   12   14   23  
4    9    12   16   23  
3    7    15   16   25  
9    13   15   24   26  
3    8    9    12   27  
1    7    8    10   24  
4    7    13   17   28  
5    10   11   17   23  
2    5    12   17   22  
2    3    11   17   25  
1    6    16   25   26  
1    3    15   18   25  
5    6    11   18   28  
3    10   14   17   21  
3    4    15   17   20  
9    13   15   16   17  
8    13   19   22   28  
6    12   14   15   25  
1    2    15   17   24  
1    15   17   18   25  
4    17   18   21   26  
5    6    13   15   24  
9    10   13   24   28  
2    7    14   20   25  
3    4    5    9    16  
5    14   19   20   26  
5    11   15   26   27  
5    9    12   27   28  
6    9    11   13   25  
13   15   16   19   23  
9    12   14   16   27  
15   17   19   25   26  
6    8    10   11   21  
1    7    13   19   23  
1    2    12   16   20  
5    6    20   21   22  
2    17   19   20   27  
1    3    6    16   23  
1    8    10   13   23  
4    5    6    9    15  
1    3    6    11   20  
6    10   12   15   16  
1    18   20   23   26  
1    2    19   24   28  
5    14   17   19   26  
2    5    8    9    11  
1    6    9    26   28  
6    10   13   17   22  
1    5    15   24   27  
2    8    13   15   23  
6    12   16   21   23  
2    10   17   18   24  
11   14   17   19   25  
17   18   24   25   27  
2    8    11   17   26  
2    6    11   12   22  
6    7    12   24   26  
7    13   19   20   22  
10   11   17   20   22  
1    15   18   26   27  
1    6    15   22   26  
4    9    21   26   28  
2    7    14   15   21  
2    3    4    8    27  
3    8    14   16   19  
9    12   14   20   27  
7    10   19   24   26  
3    8    12   15   25  
1    5    7    19   28  
4    22   23   26   28  
1    9    20   22   24  
4    9    12   21   28  
9    14   15   16   24  
3    7    13   19   26  
3    4    8    9    25  
1    3    12   16   28  
3    7    18   24   25  
2    11   13   18   27  
11   19   21   24   27  
2    4    11   27   28  
4    7    11   16   22  
5    6    11   14   18  
5    7    8    9    25  
4    6    11   16   21  
10   11   12   23   27  
1    9    20   26   28  
6    13   20   26   27  
1    4    9    13   28  
6    9    12   18   21  
7    8    13   14   15  
1    5    19   21   28  
5    7    10   13   15  
7    12   15   18   22  
2    6    17   19   21  
5    13   14   17   19  
12   13   19   24   28  
5    10   15   25   28  
1    8    18   21   26  
7    8    9    17   23  
3    7    15   18   19  
3    7    12   15   24  
2    17   22   23   26  
4    11   17   21   25  
7    13   14   17   24  
1    8    11   16   19  
2    8    10   12   15  
6    7    14   15   21  
15   17   18   21   22  
3    12   16   18   23  
4    6    11   18   25  
1    7    10   15   21  
11   17   21   22   27  
14   15   21   23   28  
3    15   16   27   28  
9    12   14   18   25  
5    9    15   17   18  
1    16   17   20   27  
2    14   23   26   28  
4    7    11   18   25  
4    7    23   24   25  
4    16   18   20   26  
3    6    7    18   19  
8    12   13   14   21  
10   17   24   26   27  
7    9    10   22   26  
3    4    9    23   24  
3    6    8    21   22  
1    5    10   12   19  
3    4    6    21   22  
17   18   21   27   28  
1    4    8    21   26  
8    15   19   22   27  
1    4    11   12   22  
1    7    16   17   23  
3    8    14   24   28  
2    9    14   17   21  
13   14   20   24   26  
13   14   15   26   27  
14   15   18   20   22  
2    3    13   16   27  
2    17   18   21   25  
1    13   14   15   26  
3    10   13   16   17  
12   15   17   20   22  
2    3    7    13   15  
4    6    11   16   20  
7    9    11   14   25  
2    4    17   23   24  
9    17   18   25   27  
4    8    13   20   21  
6    12   13   22   28  
10   12   16   23   26  
13   15   20   22   25  
9    10   18   24   28  
5    7    10   19   28  
5    9    11   13   15  
5    6    10   11   18  
4    7    15   17   28  
7    10   13   25   26  
1    2    8    11   22  
2    4    7    20   26  
1    6    12   20   28  
9    10   16   22   27  
8    9    17   22   27  
4    11   13   19   20  
8    10   17   23   25  
7    8    11   16   23  
5    15   19   21   28  
7    12   14   21   27  
12   16   17   19   26  
4    11   12   16   17  
2    7    12   15   16  
4    5    14   18   21  
4    15   17   26   28  
5    7    9    11   27  
10   11   16   17   18  
17   23   25   26   27  
6    10   18   19   23  
5    12   15   16   20  
10   15   16   23   26  
8    11   18   19   26  
6    7    13   20   25  
5    7    11   25   27  
4    6    10   11   26  
8    9    11   14   28  
1    3    5    25   26  
3    7    11   13   21  
5    11   12   20   25  
3    5    7    17   22  
3    6    12   21   26  
1    3    8    18   23  
3    4    10   24   27  
7    9    15   20   22  
4    6    9    14   24  
5    10   19   23   25  
3    5    13   24   28  
2    6    11   14   15  
4    9    14   20   28  
3    10   14   17   21  
7    9    14   16   17  
7    10   13   21   25  
8    12   13   19   26  
8    13   15   25   28  
8    13   21   24   25  
6    16   18   19   27  
13   15   18   19   25  
1    3    11   12   19  
16   21   22   26   28  
5    8    20   25   27  
4    8    17   20   24  
7    11   12   25   28  
9    16   17   18   23  
1    6    10   13   14  
8    10   12   14   21  
8    14   15   21   25  
10   16   17   21   28  
3    14   17   20   26  
6    16   17   22   25  
1    3    4    10   13  
5    7    10   11   13  
1    21   24   26   27  
1    7    8    14   28  
13   14   16   17   26  
7    8    12   23   24  
8    13   21   23   25  
9    10   18   20   26  
1    3    10   11   23  
5    10   15   22   28  
7    11   15   22   25  
1    4    14   22   25  
8    13   19   21   27  
7    14   17   20   21  
2    4    6    21   23  
7    12   13   24   28  
1    6    8    16   25  
10   12   15   16   19  
5    11   13   16   19  
5    6    19   25   27  
1    3    21   24   28  
4    9    19   20   22  
3    12   17   20   24  
6    11   12   17   20  
9    11   20   22   23  
4    6    7    16   18  
8    10   21   22   27  
3    4    11   20   28  
1    8    13   16   17  
1    5    9    22   26  
7    12   18   22   26  
1    2    4    17   23  
5    11   13   20   23  
1    3    10   13   25  
3    5    8    9    24  
3    5    15   22   26  
5    8    21   22   23  
9    13   14   15   28  
3    5    13   16   27  
7    15   19   20   27  
7    8    11   13   20  
4    6    15   17   19  
7    9    13   16   23  
6    10   19   22   27  
4    6    7    20   22  
8    11   13   22   28  
7    14   18   20   23  
5    12   14   22   25  
5    6    7    21   24  
3    12   17   19   28  
1    5    9    12   15  
4    14   18   19   23  
3    15   16   21   26  
4    6    17   18   25  
5    6    9    21   27  
3    7    11   22   25  
1    9    22   23   27  
1    12   15   17   18  
6    12   14   24   25  
3    8    15   22   25  
13   23   24   25   28  
9    16   18   23   28  
4    5    13   14   18  
3    6    7    8    28  
6    9    14   16   19  
2    6    7    10   18  
2    8    15   22   25  
2    4    13   14   22  
4    6    18   26   28  
4    9    19   20   22  
1    2    6    12   15  
3    4    6    10   16  
5    9    16   17   21  
4    6    12   14   21  
7    8    11   15   24  
4    5    9    12   28  
5    16   21   27   28  
3    4    13   19   27  
1    4    6    10   21  
9    18   19   23   27  
4    15   18   24   25  
1    8    11   14   19  
11   15   23   26   27  
6    8    13   22   28  
3    8    9    19   22  
10   14   16   24   25  
5    8    11   18   28  
2    9    10   16   21  
10   13   15   27   28  
3    10   15   25   26  
10   11   12   27   28  
3    9    11   17   26  
3    8    10   13   24  
2    9    11   21   23  
3    14   17   20   24  
6    11   12   16   24  
5    11   14   16   25  
2    11   13   14   27  
2    6    13   18   24  
2    11   17   25   26  
5    9    12   17   28  
13   20   25   26   28  
6    14   15   23   26  
3    7    15   19   27  
4    18   22   26   28  
3    5    16   22   23  
3    6    10   21   25  
9    18   20   21   24  
2    3    4    25   26  
5    6    8    18   28  
1    3    12   15   25  
5    6    9    13   16  
1    3    8    11   17  
3    7    10   16   19  
9    16   17   19   21  
5    6    15   18   20  
6    7    11   21   27  
5    8    10   11   26  
3    5    6    14   28  
4    10   15   18   22  
1    2    8    12   16  
5    7    12   14   26  
2    8    22   23   27  
1    13   17   24   28  
3    10   19   20   27  
8    11   13   17   23  
1    2    12   15   16  
5    7    9    16   25  
1    2    9    15   20  
1    10   12   15   19  
2    12   17   20   21  
8    9    17   19   28  
6    9    12   23   27  
3    7    17   18   26  
4    18   21   26   27  
18   19   23   26   27  
4    5    13   14   22  
2    3    21   24   26  
5    12   20   22   23  
3    4    5    22   27  
10   13   16   20   23  
4    8    13   16   24  
2    13   17   22   23  
7    9    10   20   24  
7    22   23   24   26  
6    7    10   11   22  
3    22   23   27   28  
4    5    16   25   28  
6    10   16   20   26  
5    7    10   15   24  
3    5    16   17   20  
5    13   15   19   21  
9    12   15   18   27  
7    13   14   16   19  
7    10   14   18   22  
1    5    7    17   26  
15   16   18   21   28  
5    15   17   26   28  
7    15   17   22   24  
1    5    7    8    20  
4    8    12   20   25  
10   13   19   20   22  
10   17   18   23   28  
9    11   18   21   22  
17   19   23   24   26  
3    7    16   19   27  
5    7    10   11   16  
6    7    14   15   16  
4    6    7    9    19  
2    4    10   20   27  
2    5    17   24   28  
10   12   15   18   19  
5    9    17   19   23  
2    9    11   17   27  
1    6    8    16   27  
2    12   16   22   26  
7    22   23   25   27  
1    4    5    10   19  
13   17   20   21   25  
2    4    18   20   27  
11   16   21   25   28  
10   11   13   20   21  
5    13   16   23   26  
1    2    22   24   28  
9    14   15   23   27  
1    14   19   25   27  
12   13   19   22   28  
2    4    5    11   18  
7    15   18   21   24  
3    15   23   27   28  
4    5    10   11   15  
7    10   15   18   27  
9    12   18   20   28  
7    9    12   23   25  
5    8    11   15   26  
7    8    11   13   15  
2    4    13   27   28  
3    4    14   15   17  
5    12   13   19   21  
4    8    9    11   22  
5    6    14   20   23  
8    10   13   16   18  
5    7    19   21   25  
3    4    7    14   26  
2    6    7    12   13  
1    2    9    12   24  
10   18   19   21   27  
4    8    14   17   27  
3    6    7    14   26  
2    9    11   12   14  
5    13   14   23   28  
15   17   19   21   26  
1    9    12   18   19  
1    12   22   25   26  
7    12   14   15   21  
3    7    11   14   28  
7    14   15   19   22  
1    6    11   17   20  
1    5    22   25   27  
3    6    8    15   26  
2    4    14   16   24  
7    8    9    16   20  
2    3    4    11   21  
6    8    12   13   16  
4    8    12   17   19  
15   19   21   26   27  
7    9    18   25   27  
3    13   15   16   25  
9    16   17   19   25  
7    15   19   24   25  
13   15   20   21   24  
3    5    10   16   26  
5    10   17   25   27  
2    4    10   16   24  
10   16   18   27   28  
3    6    9    11   24  
5    9    11   21   24  
3    4    7    21   24  
4    7    16   19   25  
12   15   19   26   28  
1    4    9    24   25  
17   21   25   27   28  
1    10   18   20   21  
3    4    6    27   28  
6    19   20   24   28  
12   16   18   23   24  
12   17   22   25   26  
11   12   17   24   25  
7    13   14   19   23  
8    13   16   18   24  
2    6    12   14   23  
3    4    15   25   27  
3    8    22   25   27  
3    14   16   20   22  
1    9    11   14   20  
6    7    9    24   28  
4    9    10   27   28  
2    7    20   21   25  
1    5    8    13   20  
1    9    13   18   21  
4    8    17   18   21  
3    8    20   21   25  
9    22   24   25   26  
6    9    16   19   25  
7    14   15   21   28  
3    5    8    16   27  
4    9    13   17   27  
5    11   20   23   28  
6    9    13   20   27  
1    3    9    10   22  
1    4    7    8    13  
5    13   15   27   28  
1    7    13   19   23  
3    5    7    12   22  
4    12   22   25   27  
7    13   18   27   28  
3    9    16   18   20  
3    9    16   23   25  
3    5    13   14   26  
1    6    13   17   28  
1    4    13   21   22  
1    3    6    11   23  
5    11   14   20   27  
15   17   20   23   24  
1    4    7    9    24  
3    11   18   19   25  
2    3    7    15   20  
5    11   15   24   27  
3    9    13   19   24  
3    9    12   14   15  
3    13   15   19   24  
3    17   18   20   21  
11   19   21   25   27  
1    6    7    13   15  
6    14   18   19   26  
14   15   18   20   28  
5    11   14   25   28  
7    12   15   19   26  
1    10   11   17   18  
8    9    16   23   24  
1    2    3    5    16  
2    4    5    21   22  
2    11   16   17   21  
3    8    9    14   18  
4    19   20   21   23  
1    3    10   12   14  
2    9    14   21   23  
8    12   20   22   26  
2    5    16   19   20  
6    8    12   23   27  
1    3    5    7    23  
1    3    9    18   26  
14   15   19   20   27  
1    4    8    20   28  
7    8    22   23   26  
1    12   13   16   23  
11   14   17   23   27  
3    4    9    12   28  
3    9    17   25   26  
1    3    8    13   16  
5    6    17   20   21  
5    10   15   19   27  
4    11   17   23   26  
2    4    6    13   22  
4    6    14   16   21  
9    11   18   24   27  
1    2    9    20   23  
6    12   14   18   27  
9    10   11   17   20  
4    13   18   19   28  
11   17   20   21   24  
7    9    14   16   18  
2    8    17   20   22  
7    9    14   16   18  
5    9    16   20   25  
2    5    26   27   28  
3    4    6    7    8   
1    5    17   22   26  
2    4    6    26   27  
2    4    12   18   26  
7    14   17   26   27  
1    3    5    18   23  
3    7    8    14   27  
4    14   20   24   28  
15   20   24   25   27  
1    2    3    10   13  
2    3    8    9    17  
6    9    13   14   15  
1    4    11   13   20  
1    2    5    18   22  
1    4    7    17   22  
4    6    8    19   26  
10   11   18   23   28  
5    6    9    18   26  
7    8    9    13   23  
2    12   24   25   27  
4    6    7    21   25  
1    2    18   21   27  
1    9    16   18   25  
1    3    15   19   22  
8    10   19   26   27  
7    10   12   14   20  
4    6    19   25   28  
10   13   17   18   20  
7    12   13   16   18  
2    3    11   16   18  
14   17   19   23   27  
3    6    9    10   27  
2    3    6    15   22  
5    6    25   26   28  
7    19   22   26   27  
8    14   25   26   28  
8    10   14   16   28  
2    10   17   20   28  
6    8    9    12   15  
4    9    16   22   28  
2    5    8    20   27  
1    9    11   18   22  
12   13   16   22   27  
2    7    25   26   27  
2    3    4    17   22  
1    16   21   24   26  
7    10   13   22   27  
10   11   13   19   27  
1    5    9    20   24  
5    7    17   18   27  
5    8    13   18   19  
8    12   15   18   21  
5    13   17   27   28  
5    11   16   20   26  
6    9    11   13   21  
7    14   16   20   27  
8    11   13   14   23  
9    10   11   15   19  
1    3    6    19   22  
1    11   12   16   20  
5    7    12   21   24  
5    10   14   18   21  
15   16   22   23   24  
5    9    14   16   20  
3    10   11   14   17  
7    15   16   17   23  
2    6    24   25   28  
3    4    7    10   24  
6    13   17   21   27  
3    10   18   21   23  
9    11   14   24   25  
5    8    13   18   23  
2    9    10   19   24  
1    6    7    9    15  
2    14   16   17   26  
1    11   16   27   28  
5    7    18   24   26  
1    5    6    12   18  
2    4    9    10   12  
2    19   22   24   26  
13   14   19   23   27  
1    4    10   15   25  
1    4    8    12   18  
3    4    7    11   28  
6    7    12   20   23  
1    13   15   17   26  
1    8    12   24   26  
1    10   18   19   25  
4    5    12   24   27  
5    8    13   21   28  
10   15   16   17   27  
1    3    16   17   28  
9    17   18   20   23  
7    8    10   12   28  
6    15   20   25   28  
8    13   15   19   23  
1    17   19   20   27  
3    7    8    10   22  
12   16   19   23   27  
3    4    7    14   21  
2    12   15   18   27  
8    12   21   22   28  
2    13   19   22   24  
5    7    16   19   23  
2    8    15   24   25  
1    3    8    19   20  
4    6    17   22   25  
1    5    9    12   22  
6    8    12   14   17  
7    17   18   22   27  
2    4    6    14   18  
6    14   18   21   24  
1    5    11   22   26  
3    15   21   23   25  
1    10   16   17   18  
7    15   16   21   28  
2    12   20   25   26  
9    11   18   19   22  
3    7    10   11   12  
3    5    6    20   21  
3    4    8    17   19  
1    11   15   16   26  
1    8    13   17   21  
1    3    5    16   21  
5    12   13   15   20  
3    7    21   22   23  
6    12   17   23   24  
1    7    17   20   25  
6    12   17   18   28  
1    2    5    13   25  
4    12   17   19   27  
3    10   13   25   27  
7    10   12   16   25  
13   19   21   24   25  
2    5    19   22   25  
5    7    18   19   21  
2    7    12   14   15  
14   19   23   26   28  
10   14   15   16   22  
8    11   15   19   20  
11   13   15   21   26  
6    8    13   22   28  
5    6    10   23   24  
5    7    8    17   24  
1    10   13   17   25  
8    12   16   18   26  
1    12   15   20   22  
8    13   14   18   19  
3    15   16   18   26  
1    3    18   20   24  
4    5    13   26   28  
1    7    8    20   27  
4    6    14   25   27  
4    5    6    16   28  
1    16   18   23   26  
2    16   19   24   27  
3    8    13   16   21  
2    5    18   19   21  
3    6    14   16   24  
4    5    14   20   23  
13   17   20   22   23  
6    9    18   20   22  
5    12   14   22   26  
4    13   18   21   28  
2    6    22   23   26  
5    6    12   20   27  
4    18   26   27   28  
11   13   24   25   27  
10   14   17   22   26  
2    5    12   21   27  
1    2    20   24   27  
1    9    18   26   28  
4    9    12   15   22  
8    13   15   16   24  
6    15   18   20   26  
3    5    11   22   23  
2    7    14   17   25  
4    8    9    15   24  
8    11   17   25   26  
2    14   17   18   28  
4    5    6    12   17  
9    12   23   27   28  
4    5    7    14   24  
10   16   20   23   26  
1    2    14   15   23  
7    10   11   13   22  
1    4    7    14   23  
4    5    7    8    23  
1    12   15   17   19  
1    9    20   24   25  
12   15   19   27   28  
2    3    5    8    14  
2    11   16   17   21  
4    12   15   16   18  
7    8    16   17   24  
10   11   19   25   27  
6    7    10   26   27  
5    14   20   25   26  
9    14   20   23   24  
9    10   12   19   28  
2    8    9    14   16  
4    7    15   18   27  
10   11   25   26   27  
7    10   14   18   27  
1    19   20   26   28  
1    5    10   22   23  
4    12   17   18   26  
3    7    10   15   25  
13   17   19   23   25  
1    7    15   26   28  
1    2    3    16   20  
1    14   16   17   25  
3    4    17   18   23  
10   11   15   17   26  
7    12   15   19   25  
